// triangular quadrature

#include "CMatrix.hpp"
#include <Eigen/Dense>

// form=tableQuadTri(k)
//
// Input:
//   k       : degree of the formula
// Output:
//   form    : N x 4 matrix (barycentric coordinates and coefficients)
//             for a formula of degree k in the reference triangle
//             Remark: sum(weights)=1

CMatrix<double> tableQuadTri(int k){

	
	int sizes[26] = {1,3,3,6,6,10,15,15,21,21,28,28,36,36,45,55,55,66,66,78,78,91,105,105,120,120};
	int size = sizes[k];	
	Eigen::MatrixXd eigenForm(size,4);
	
	switch(k)
	{
		
		case 0 : eigenForm << 0.333333, 0.333333, 0.333333, 1.000000;
					 break; 

		case 1 : eigenForm << 0.166667, 0.166667, 0.666667, 0.333333,
					0.166667, 0.666667, 0.166667, 0.333333,
					0.666667, 0.166667, 0.166667, 0.333333;
					 break; 

		case 2 : eigenForm << 0.166667, 0.166667, 0.666667, 0.333333,
					0.166667, 0.666667, 0.166667, 0.333333,
					0.666667, 0.166667, 0.166667, 0.333333;
					 break; 

		case 3 : eigenForm << 0.816848, 0.091576, 0.091576, 0.109952,
					0.091576, 0.816848, 0.091576, 0.109952,
					0.091576, 0.091576, 0.816848, 0.109952,
					0.445948, 0.108103, 0.445948, 0.223382,
					0.445948, 0.445948, 0.108103, 0.223382,
					0.108103, 0.445948, 0.445948, 0.223382;
					 break; 

		case 4 : eigenForm << 0.816848, 0.091576, 0.091576, 0.109952,
					0.091576, 0.816848, 0.091576, 0.109952,
					0.091576, 0.091576, 0.816848, 0.109952,
					0.445948, 0.108103, 0.445948, 0.223382,
					0.445948, 0.445948, 0.108103, 0.223382,
					0.108103, 0.445948, 0.445948, 0.223382;
					 break; 

		case 5 : eigenForm << 0.000000, 0.000000, 1.000000, 0.013136,
					0.000000, 1.000000, 0.000000, 0.013136,
					1.000000, 0.000000, 0.000000, 0.013708,
					0.059853, 0.267327, 0.672820, 0.117419,
					0.059854, 0.672818, 0.267329, 0.117421,
					0.263423, 0.064924, 0.671653, 0.124013,
					0.263425, 0.671650, 0.064925, 0.124015,
					0.665218, 0.065403, 0.269379, 0.125930,
					0.665218, 0.269377, 0.065405, 0.125933,
					0.322646, 0.338674, 0.338680, 0.225289;
					 break; 

		case 6 : eigenForm << 0.000000, 1.000000, 0.000000, 0.005128,
					1.000000, 0.000000, 0.000000, 0.005128,
					0.000000, 0.000000, 1.000000, 0.005128,
					0.173896, 0.783966, 0.042138, 0.055802,
					0.042138, 0.173896, 0.783966, 0.055802,
					0.783966, 0.173896, 0.042138, 0.055802,
					0.783966, 0.042138, 0.173896, 0.055802,
					0.042138, 0.783966, 0.173896, 0.055802,
					0.173896, 0.042138, 0.783966, 0.055802,
					0.051224, 0.474388, 0.474388, 0.083989,
					0.474388, 0.474388, 0.051224, 0.083989,
					0.474388, 0.051224, 0.474388, 0.083989,
					0.238562, 0.238562, 0.522877, 0.132612,
					0.238562, 0.522877, 0.238562, 0.132612,
					0.522877, 0.238562, 0.238562, 0.132612;
					 break; 

		case 7 : eigenForm << 0.000000, 1.000000, 0.000000, 0.005128,
					1.000000, 0.000000, 0.000000, 0.005128,
					0.000000, 0.000000, 1.000000, 0.005128,
					0.173896, 0.783966, 0.042138, 0.055802,
					0.042138, 0.173896, 0.783966, 0.055802,
					0.783966, 0.173896, 0.042138, 0.055802,
					0.783966, 0.042138, 0.173896, 0.055802,
					0.042138, 0.783966, 0.173896, 0.055802,
					0.173896, 0.042138, 0.783966, 0.055802,
					0.051224, 0.474388, 0.474388, 0.083989,
					0.474388, 0.474388, 0.051224, 0.083989,
					0.474388, 0.051224, 0.474388, 0.083989,
					0.238562, 0.238562, 0.522877, 0.132612,
					0.238562, 0.522877, 0.238562, 0.132612,
					0.522877, 0.238562, 0.238562, 0.132612;
					 break; 

		case 8 : eigenForm << 0.909622, 0.045189, 0.045189, 0.025994,
					0.045189, 0.045189, 0.909622, 0.025994,
					0.045189, 0.909622, 0.045189, 0.025994,
					0.222063, 0.747512, 0.030424, 0.035352,
					0.747512, 0.222063, 0.030424, 0.035352,
					0.030424, 0.747512, 0.222063, 0.035352,
					0.030424, 0.222063, 0.747512, 0.035352,
					0.222063, 0.030424, 0.747512, 0.035352,
					0.747512, 0.030424, 0.222063, 0.035352,
					0.644719, 0.136991, 0.218290, 0.045470,
					0.136991, 0.644719, 0.218290, 0.045470,
					0.218290, 0.136991, 0.644719, 0.045470,
					0.136991, 0.218290, 0.644719, 0.045470,
					0.644719, 0.218290, 0.136991, 0.045470,
					0.218290, 0.644719, 0.136991, 0.045470,
					0.481520, 0.036960, 0.481520, 0.051617,
					0.481520, 0.481520, 0.036960, 0.051617,
					0.036960, 0.481520, 0.481520, 0.051617,
					0.403604, 0.403604, 0.192792, 0.094080,
					0.192792, 0.403604, 0.403604, 0.094080,
					0.403604, 0.192792, 0.403604, 0.094080;
					 break; 

		case 9 : eigenForm << 0.909622, 0.045189, 0.045189, 0.025994,
					0.045189, 0.045189, 0.909622, 0.025994,
					0.045189, 0.909622, 0.045189, 0.025994,
					0.222063, 0.747512, 0.030424, 0.035352,
					0.747512, 0.222063, 0.030424, 0.035352,
					0.030424, 0.747512, 0.222063, 0.035352,
					0.030424, 0.222063, 0.747512, 0.035352,
					0.222063, 0.030424, 0.747512, 0.035352,
					0.747512, 0.030424, 0.222063, 0.035352,
					0.644719, 0.136991, 0.218290, 0.045470,
					0.136991, 0.644719, 0.218290, 0.045470,
					0.218290, 0.136991, 0.644719, 0.045470,
					0.136991, 0.218290, 0.644719, 0.045470,
					0.644719, 0.218290, 0.136991, 0.045470,
					0.218290, 0.644719, 0.136991, 0.045470,
					0.481520, 0.036960, 0.481520, 0.051617,
					0.481520, 0.481520, 0.036960, 0.051617,
					0.036960, 0.481520, 0.481520, 0.051617,
					0.403604, 0.403604, 0.192792, 0.094080,
					0.192792, 0.403604, 0.403604, 0.094080,
					0.403604, 0.192792, 0.403604, 0.094080;
					 break; 

		case 10 : eigenForm << 0.054830, 0.000000, 0.945170, 0.005704,
					0.054830, 0.945170, 0.000000, 0.005704,
					0.002549, 0.928900, 0.068551, 0.006635,
					0.002549, 0.068551, 0.928900, 0.006635,
					0.951346, 0.024327, 0.024327, 0.007793,
					0.844250, 0.127966, 0.027784, 0.020414,
					0.844250, 0.027784, 0.127966, 0.020414,
					0.221457, 0.028708, 0.749835, 0.028992,
					0.221457, 0.749835, 0.028708, 0.028992,
					0.027439, 0.722801, 0.249760, 0.030069,
					0.027439, 0.249760, 0.722801, 0.030069,
					0.080892, 0.086556, 0.832551, 0.031264,
					0.080892, 0.832551, 0.086556, 0.031264,
					0.663485, 0.306162, 0.030353, 0.031984,
					0.663485, 0.030353, 0.306162, 0.031984,
					0.026278, 0.486861, 0.486861, 0.033066,
					0.157664, 0.665790, 0.176546, 0.033425,
					0.157664, 0.176546, 0.665790, 0.033425,
					0.441122, 0.029312, 0.529566, 0.034345,
					0.441122, 0.529566, 0.029312, 0.034345,
					0.711065, 0.144467, 0.144467, 0.050136,
					0.133844, 0.329974, 0.536182, 0.057157,
					0.133844, 0.536182, 0.329974, 0.057157,
					0.305070, 0.551151, 0.143779, 0.061182,
					0.305070, 0.143779, 0.551151, 0.061182,
					0.512231, 0.334807, 0.152962, 0.069721,
					0.512231, 0.152962, 0.334807, 0.069721,
					0.313963, 0.343018, 0.343018, 0.087219;
					 break; 

		case 11 : eigenForm << 0.054830, 0.000000, 0.945170, 0.005704,
					0.054830, 0.945170, 0.000000, 0.005704,
					0.002549, 0.928900, 0.068551, 0.006635,
					0.002549, 0.068551, 0.928900, 0.006635,
					0.951346, 0.024327, 0.024327, 0.007793,
					0.844250, 0.127966, 0.027784, 0.020414,
					0.844250, 0.027784, 0.127966, 0.020414,
					0.221457, 0.028708, 0.749835, 0.028992,
					0.221457, 0.749835, 0.028708, 0.028992,
					0.027439, 0.722801, 0.249760, 0.030069,
					0.027439, 0.249760, 0.722801, 0.030069,
					0.080892, 0.086556, 0.832551, 0.031264,
					0.080892, 0.832551, 0.086556, 0.031264,
					0.663485, 0.306162, 0.030353, 0.031984,
					0.663485, 0.030353, 0.306162, 0.031984,
					0.026278, 0.486861, 0.486861, 0.033066,
					0.157664, 0.665790, 0.176546, 0.033425,
					0.157664, 0.176546, 0.665790, 0.033425,
					0.441122, 0.029312, 0.529566, 0.034345,
					0.441122, 0.529566, 0.029312, 0.034345,
					0.711065, 0.144467, 0.144467, 0.050136,
					0.133844, 0.329974, 0.536182, 0.057157,
					0.133844, 0.536182, 0.329974, 0.057157,
					0.305070, 0.551151, 0.143779, 0.061182,
					0.305070, 0.143779, 0.551151, 0.061182,
					0.512231, 0.334807, 0.152962, 0.069721,
					0.512231, 0.152962, 0.334807, 0.069721,
					0.313963, 0.343018, 0.343018, 0.087219;
					 break; 

		case 12 : eigenForm << 0.026401, 0.024294, 0.949306, 0.008312,
					0.949211, 0.026519, 0.024270, 0.008341,
					0.024281, 0.949213, 0.026507, 0.008342,
					0.519891, 0.003378, 0.476732, 0.008784,
					0.004341, 0.475767, 0.519892, 0.009224,
					0.475330, 0.519078, 0.005591, 0.009897,
					0.124916, 0.861684, 0.013400, 0.010177,
					0.013774, 0.124921, 0.861305, 0.010343,
					0.861370, 0.013857, 0.124773, 0.010414,
					0.134967, 0.021189, 0.843844, 0.015891,
					0.021314, 0.843230, 0.135456, 0.016024,
					0.843229, 0.135423, 0.021348, 0.016030,
					0.668923, 0.308885, 0.022192, 0.021538,
					0.022593, 0.668506, 0.308901, 0.021924,
					0.308175, 0.022655, 0.669171, 0.021960,
					0.026677, 0.280852, 0.692472, 0.023998,
					0.280883, 0.692245, 0.026872, 0.024190,
					0.692129, 0.026862, 0.281009, 0.024243,
					0.088464, 0.114178, 0.797358, 0.027848,
					0.114539, 0.797481, 0.087981, 0.028051,
					0.796217, 0.089281, 0.114502, 0.028260,
					0.226061, 0.105249, 0.668690, 0.034464,
					0.106193, 0.666302, 0.227505, 0.035861,
					0.663762, 0.230780, 0.105457, 0.036373,
					0.312088, 0.170506, 0.517406, 0.039440,
					0.174288, 0.508659, 0.317052, 0.040506,
					0.504747, 0.314182, 0.181071, 0.041286,
					0.070394, 0.461746, 0.467859, 0.042102,
					0.468406, 0.069309, 0.462286, 0.042179,
					0.462369, 0.465196, 0.072436, 0.042598,
					0.128998, 0.257863, 0.613140, 0.045142,
					0.258701, 0.611263, 0.130036, 0.045714,
					0.611310, 0.130518, 0.258171, 0.045814,
					0.335656, 0.428144, 0.236201, 0.051279,
					0.233198, 0.335700, 0.431103, 0.051658,
					0.423856, 0.230542, 0.345601, 0.051793;
					 break; 

		case 13 : eigenForm << 0.026401, 0.024294, 0.949306, 0.008312,
					0.949211, 0.026519, 0.024270, 0.008341,
					0.024281, 0.949213, 0.026507, 0.008342,
					0.519891, 0.003378, 0.476732, 0.008784,
					0.004341, 0.475767, 0.519892, 0.009224,
					0.475330, 0.519078, 0.005591, 0.009897,
					0.124916, 0.861684, 0.013400, 0.010177,
					0.013774, 0.124921, 0.861305, 0.010343,
					0.861370, 0.013857, 0.124773, 0.010414,
					0.134967, 0.021189, 0.843844, 0.015891,
					0.021314, 0.843230, 0.135456, 0.016024,
					0.843229, 0.135423, 0.021348, 0.016030,
					0.668923, 0.308885, 0.022192, 0.021538,
					0.022593, 0.668506, 0.308901, 0.021924,
					0.308175, 0.022655, 0.669171, 0.021960,
					0.026677, 0.280852, 0.692472, 0.023998,
					0.280883, 0.692245, 0.026872, 0.024190,
					0.692129, 0.026862, 0.281009, 0.024243,
					0.088464, 0.114178, 0.797358, 0.027848,
					0.114539, 0.797481, 0.087981, 0.028051,
					0.796217, 0.089281, 0.114502, 0.028260,
					0.226061, 0.105249, 0.668690, 0.034464,
					0.106193, 0.666302, 0.227505, 0.035861,
					0.663762, 0.230780, 0.105457, 0.036373,
					0.312088, 0.170506, 0.517406, 0.039440,
					0.174288, 0.508659, 0.317052, 0.040506,
					0.504747, 0.314182, 0.181071, 0.041286,
					0.070394, 0.461746, 0.467859, 0.042102,
					0.468406, 0.069309, 0.462286, 0.042179,
					0.462369, 0.465196, 0.072436, 0.042598,
					0.128998, 0.257863, 0.613140, 0.045142,
					0.258701, 0.611263, 0.130036, 0.045714,
					0.611310, 0.130518, 0.258171, 0.045814,
					0.335656, 0.428144, 0.236201, 0.051279,
					0.233198, 0.335700, 0.431103, 0.051658,
					0.423856, 0.230542, 0.345601, 0.051793;
					 break; 

		case 14 : eigenForm << 0.000000, 0.000000, 1.000000, 0.000531,
					0.000000, 1.000000, 0.000000, 0.000531,
					1.000000, 0.000000, 0.000000, 0.000531,
					0.927529, 0.057333, 0.015138, 0.006573,
					0.015138, 0.057333, 0.927529, 0.006573,
					0.015138, 0.927529, 0.057333, 0.006573,
					0.927529, 0.015138, 0.057333, 0.006573,
					0.057333, 0.927529, 0.015138, 0.006573,
					0.057333, 0.015138, 0.927529, 0.006573,
					0.018065, 0.815963, 0.165972, 0.012144,
					0.165972, 0.815963, 0.018065, 0.012144,
					0.018065, 0.165972, 0.815963, 0.012144,
					0.165972, 0.018065, 0.815963, 0.012144,
					0.815963, 0.165972, 0.018065, 0.012144,
					0.815963, 0.018065, 0.165972, 0.012144,
					0.664764, 0.316548, 0.018689, 0.015840,
					0.316548, 0.664764, 0.018689, 0.015840,
					0.316548, 0.018689, 0.664764, 0.015840,
					0.664764, 0.018689, 0.316548, 0.015840,
					0.018689, 0.316548, 0.664764, 0.015840,
					0.018689, 0.664764, 0.316548, 0.015840,
					0.490367, 0.019266, 0.490367, 0.017466,
					0.490367, 0.490367, 0.019266, 0.017466,
					0.019266, 0.490367, 0.490367, 0.017466,
					0.087513, 0.087513, 0.824973, 0.019183,
					0.824973, 0.087513, 0.087513, 0.019183,
					0.087513, 0.824973, 0.087513, 0.019183,
					0.698461, 0.093553, 0.207987, 0.028918,
					0.207987, 0.093553, 0.698461, 0.028918,
					0.698461, 0.207987, 0.093553, 0.028918,
					0.207987, 0.698461, 0.093553, 0.028918,
					0.093553, 0.698461, 0.207987, 0.028918,
					0.093553, 0.207987, 0.698461, 0.028918,
					0.364502, 0.097489, 0.538009, 0.036291,
					0.538009, 0.364502, 0.097489, 0.036291,
					0.364502, 0.538009, 0.097489, 0.036291,
					0.097489, 0.538009, 0.364502, 0.036291,
					0.097489, 0.364502, 0.538009, 0.036291,
					0.538009, 0.097489, 0.364502, 0.036291,
					0.221715, 0.221715, 0.556571, 0.044893,
					0.221715, 0.556571, 0.221715, 0.044893,
					0.556571, 0.221715, 0.221715, 0.044893,
					0.386047, 0.386047, 0.227906, 0.051727,
					0.386047, 0.227906, 0.386047, 0.051727,
					0.227906, 0.386047, 0.386047, 0.051727;
					 break; 

		case 15 : eigenForm << 0.000000, 1.000000, 0.000000, 0.000310,
					0.000000, 0.000000, 1.000000, 0.000316,
					1.000000, 0.000000, 0.000000, 0.000354,
					0.055129, 0.939886, 0.004985, 0.002758,
					0.006979, 0.054381, 0.938641, 0.003135,
					0.937964, 0.009394, 0.052642, 0.003927,
					0.036662, 0.016435, 0.946904, 0.004728,
					0.016714, 0.946949, 0.036337, 0.004891,
					0.942217, 0.042660, 0.015122, 0.004993,
					0.118396, 0.012227, 0.869377, 0.006878,
					0.012139, 0.867370, 0.120492, 0.007049,
					0.138549, 0.845674, 0.015776, 0.007482,
					0.015612, 0.139576, 0.844812, 0.007805,
					0.854717, 0.131782, 0.013501, 0.007884,
					0.838677, 0.015796, 0.145527, 0.008790,
					0.247884, 0.736546, 0.015570, 0.010206,
					0.248047, 0.013969, 0.737984, 0.010478,
					0.015449, 0.254790, 0.729762, 0.010536,
					0.014054, 0.731639, 0.254308, 0.010882,
					0.714651, 0.015725, 0.269624, 0.011114,
					0.719291, 0.266230, 0.014478, 0.011209,
					0.073482, 0.867350, 0.059168, 0.011506,
					0.062372, 0.074149, 0.863478, 0.011841,
					0.564948, 0.015929, 0.419124, 0.012873,
					0.403472, 0.015606, 0.580922, 0.012898,
					0.393065, 0.591009, 0.015925, 0.012904,
					0.015853, 0.403477, 0.580670, 0.013017,
					0.015576, 0.569475, 0.414950, 0.013288,
					0.856029, 0.067849, 0.076122, 0.013289,
					0.557652, 0.426597, 0.015751, 0.013377,
					0.158712, 0.067098, 0.774190, 0.018789,
					0.165257, 0.752831, 0.081912, 0.019153,
					0.066914, 0.775373, 0.157713, 0.019242,
					0.080698, 0.168907, 0.750394, 0.019481,
					0.760435, 0.168734, 0.070831, 0.019730,
					0.741576, 0.082124, 0.176300, 0.020618,
					0.290355, 0.628871, 0.080774, 0.025644,
					0.613421, 0.081141, 0.305437, 0.025820,
					0.080340, 0.296911, 0.622749, 0.025912,
					0.298521, 0.076754, 0.624725, 0.026426,
					0.076549, 0.622302, 0.301149, 0.026925,
					0.611712, 0.310379, 0.077910, 0.027095,
					0.457715, 0.081922, 0.460363, 0.029237,
					0.446142, 0.471702, 0.082155, 0.029643,
					0.081583, 0.454660, 0.463757, 0.029718,
					0.187663, 0.170109, 0.642228, 0.031590,
					0.169570, 0.640600, 0.189829, 0.031646,
					0.634778, 0.191227, 0.173996, 0.032035,
					0.331577, 0.188532, 0.479891, 0.040602,
					0.187871, 0.477293, 0.334836, 0.040722,
					0.191505, 0.312697, 0.495797, 0.040734,
					0.311122, 0.496123, 0.192755, 0.040753,
					0.491018, 0.192881, 0.316102, 0.040758,
					0.474507, 0.336004, 0.189489, 0.040847,
					0.331915, 0.333728, 0.334357, 0.046161;
					 break; 

		case 16 : eigenForm << 0.000000, 1.000000, 0.000000, 0.000310,
					0.000000, 0.000000, 1.000000, 0.000316,
					1.000000, 0.000000, 0.000000, 0.000354,
					0.055129, 0.939886, 0.004985, 0.002758,
					0.006979, 0.054381, 0.938641, 0.003135,
					0.937964, 0.009394, 0.052642, 0.003927,
					0.036662, 0.016435, 0.946904, 0.004728,
					0.016714, 0.946949, 0.036337, 0.004891,
					0.942217, 0.042660, 0.015122, 0.004993,
					0.118396, 0.012227, 0.869377, 0.006878,
					0.012139, 0.867370, 0.120492, 0.007049,
					0.138549, 0.845674, 0.015776, 0.007482,
					0.015612, 0.139576, 0.844812, 0.007805,
					0.854717, 0.131782, 0.013501, 0.007884,
					0.838677, 0.015796, 0.145527, 0.008790,
					0.247884, 0.736546, 0.015570, 0.010206,
					0.248047, 0.013969, 0.737984, 0.010478,
					0.015449, 0.254790, 0.729762, 0.010536,
					0.014054, 0.731639, 0.254308, 0.010882,
					0.714651, 0.015725, 0.269624, 0.011114,
					0.719291, 0.266230, 0.014478, 0.011209,
					0.073482, 0.867350, 0.059168, 0.011506,
					0.062372, 0.074149, 0.863478, 0.011841,
					0.564948, 0.015929, 0.419124, 0.012873,
					0.403472, 0.015606, 0.580922, 0.012898,
					0.393065, 0.591009, 0.015925, 0.012904,
					0.015853, 0.403477, 0.580670, 0.013017,
					0.015576, 0.569475, 0.414950, 0.013288,
					0.856029, 0.067849, 0.076122, 0.013289,
					0.557652, 0.426597, 0.015751, 0.013377,
					0.158712, 0.067098, 0.774190, 0.018789,
					0.165257, 0.752831, 0.081912, 0.019153,
					0.066914, 0.775373, 0.157713, 0.019242,
					0.080698, 0.168907, 0.750394, 0.019481,
					0.760435, 0.168734, 0.070831, 0.019730,
					0.741576, 0.082124, 0.176300, 0.020618,
					0.290355, 0.628871, 0.080774, 0.025644,
					0.613421, 0.081141, 0.305437, 0.025820,
					0.080340, 0.296911, 0.622749, 0.025912,
					0.298521, 0.076754, 0.624725, 0.026426,
					0.076549, 0.622302, 0.301149, 0.026925,
					0.611712, 0.310379, 0.077910, 0.027095,
					0.457715, 0.081922, 0.460363, 0.029237,
					0.446142, 0.471702, 0.082155, 0.029643,
					0.081583, 0.454660, 0.463757, 0.029718,
					0.187663, 0.170109, 0.642228, 0.031590,
					0.169570, 0.640600, 0.189829, 0.031646,
					0.634778, 0.191227, 0.173996, 0.032035,
					0.331577, 0.188532, 0.479891, 0.040602,
					0.187871, 0.477293, 0.334836, 0.040722,
					0.191505, 0.312697, 0.495797, 0.040734,
					0.311122, 0.496123, 0.192755, 0.040753,
					0.491018, 0.192881, 0.316102, 0.040758,
					0.474507, 0.336004, 0.189489, 0.040847,
					0.331915, 0.333728, 0.334357, 0.046161;
					 break; 

		case 17 : eigenForm << 0.007070, 0.011673, 0.981257, 0.001258,
					0.011851, 0.981003, 0.007146, 0.001264,
					0.977788, 0.010697, 0.011515, 0.001663,
					0.012195, 0.938248, 0.049557, 0.004075,
					0.050325, 0.012663, 0.937012, 0.004307,
					0.928053, 0.059811, 0.012136, 0.004389,
					0.924985, 0.013736, 0.061278, 0.004855,
					0.062934, 0.922953, 0.014113, 0.005123,
					0.014670, 0.063311, 0.922020, 0.005420,
					0.838221, 0.011727, 0.150052, 0.006469,
					0.012013, 0.155472, 0.832515, 0.006817,
					0.153148, 0.834329, 0.012523, 0.006924,
					0.012636, 0.850164, 0.137200, 0.006971,
					0.139356, 0.012882, 0.847763, 0.007206,
					0.835267, 0.151080, 0.013653, 0.007685,
					0.412764, 0.010192, 0.577044, 0.008124,
					0.011977, 0.281337, 0.706685, 0.008486,
					0.275106, 0.712437, 0.012457, 0.008504,
					0.711523, 0.276303, 0.012174, 0.008548,
					0.569603, 0.010966, 0.419431, 0.008694,
					0.011127, 0.428911, 0.559962, 0.008727,
					0.566810, 0.421542, 0.011648, 0.008920,
					0.417052, 0.571126, 0.011822, 0.008922,
					0.011524, 0.582687, 0.405789, 0.008952,
					0.714441, 0.013057, 0.272502, 0.009063,
					0.264453, 0.013076, 0.722471, 0.009239,
					0.013358, 0.726344, 0.260298, 0.009290,
					0.868135, 0.068723, 0.063142, 0.010161,
					0.062709, 0.865230, 0.072061, 0.010689,
					0.076097, 0.064860, 0.859043, 0.011596,
					0.062772, 0.148349, 0.788879, 0.013721,
					0.788170, 0.062436, 0.149394, 0.014515,
					0.147225, 0.787137, 0.065638, 0.014726,
					0.422526, 0.051910, 0.525564, 0.014972,
					0.774049, 0.154313, 0.071638, 0.015351,
					0.676068, 0.261784, 0.062148, 0.016263,
					0.067453, 0.766726, 0.165821, 0.016394,
					0.061778, 0.258210, 0.680012, 0.016562,
					0.174942, 0.067907, 0.757152, 0.017308,
					0.058492, 0.529358, 0.412150, 0.017354,
					0.672145, 0.066604, 0.261251, 0.017369,
					0.551209, 0.058568, 0.390224, 0.017426,
					0.298184, 0.064454, 0.637363, 0.017430,
					0.261428, 0.674814, 0.063758, 0.017774,
					0.058216, 0.391460, 0.550324, 0.018009,
					0.067557, 0.648770, 0.283673, 0.018146,
					0.544833, 0.394650, 0.060518, 0.019095,
					0.399787, 0.539014, 0.061199, 0.019613,
					0.151078, 0.162790, 0.686132, 0.024136,
					0.161960, 0.681244, 0.156797, 0.024496,
					0.678965, 0.154283, 0.166751, 0.024861,
					0.497247, 0.252273, 0.250480, 0.025353,
					0.245793, 0.254798, 0.499409, 0.025489,
					0.275840, 0.148558, 0.575602, 0.026068,
					0.141286, 0.293024, 0.565690, 0.026173,
					0.575309, 0.280899, 0.143792, 0.026222,
					0.266045, 0.482099, 0.251856, 0.026373,
					0.289516, 0.564188, 0.146297, 0.026472,
					0.420272, 0.130770, 0.448958, 0.027120,
					0.551913, 0.147969, 0.300117, 0.027174,
					0.154754, 0.563868, 0.281377, 0.027355,
					0.138679, 0.436116, 0.425205, 0.027864,
					0.379755, 0.360326, 0.259919, 0.028887,
					0.432257, 0.422419, 0.145324, 0.029270,
					0.250088, 0.371900, 0.378012, 0.030452,
					0.373879, 0.241365, 0.384756, 0.031864;
					 break; 

		case 18 : eigenForm << 0.007070, 0.011673, 0.981257, 0.001258,
					0.011851, 0.981003, 0.007146, 0.001264,
					0.977788, 0.010697, 0.011515, 0.001663,
					0.012195, 0.938248, 0.049557, 0.004075,
					0.050325, 0.012663, 0.937012, 0.004307,
					0.928053, 0.059811, 0.012136, 0.004389,
					0.924985, 0.013736, 0.061278, 0.004855,
					0.062934, 0.922953, 0.014113, 0.005123,
					0.014670, 0.063311, 0.922020, 0.005420,
					0.838221, 0.011727, 0.150052, 0.006469,
					0.012013, 0.155472, 0.832515, 0.006817,
					0.153148, 0.834329, 0.012523, 0.006924,
					0.012636, 0.850164, 0.137200, 0.006971,
					0.139356, 0.012882, 0.847763, 0.007206,
					0.835267, 0.151080, 0.013653, 0.007685,
					0.412764, 0.010192, 0.577044, 0.008124,
					0.011977, 0.281337, 0.706685, 0.008486,
					0.275106, 0.712437, 0.012457, 0.008504,
					0.711523, 0.276303, 0.012174, 0.008548,
					0.569603, 0.010966, 0.419431, 0.008694,
					0.011127, 0.428911, 0.559962, 0.008727,
					0.566810, 0.421542, 0.011648, 0.008920,
					0.417052, 0.571126, 0.011822, 0.008922,
					0.011524, 0.582687, 0.405789, 0.008952,
					0.714441, 0.013057, 0.272502, 0.009063,
					0.264453, 0.013076, 0.722471, 0.009239,
					0.013358, 0.726344, 0.260298, 0.009290,
					0.868135, 0.068723, 0.063142, 0.010161,
					0.062709, 0.865230, 0.072061, 0.010689,
					0.076097, 0.064860, 0.859043, 0.011596,
					0.062772, 0.148349, 0.788879, 0.013721,
					0.788170, 0.062436, 0.149394, 0.014515,
					0.147225, 0.787137, 0.065638, 0.014726,
					0.422526, 0.051910, 0.525564, 0.014972,
					0.774049, 0.154313, 0.071638, 0.015351,
					0.676068, 0.261784, 0.062148, 0.016263,
					0.067453, 0.766726, 0.165821, 0.016394,
					0.061778, 0.258210, 0.680012, 0.016562,
					0.174942, 0.067907, 0.757152, 0.017308,
					0.058492, 0.529358, 0.412150, 0.017354,
					0.672145, 0.066604, 0.261251, 0.017369,
					0.551209, 0.058568, 0.390224, 0.017426,
					0.298184, 0.064454, 0.637363, 0.017430,
					0.261428, 0.674814, 0.063758, 0.017774,
					0.058216, 0.391460, 0.550324, 0.018009,
					0.067557, 0.648770, 0.283673, 0.018146,
					0.544833, 0.394650, 0.060518, 0.019095,
					0.399787, 0.539014, 0.061199, 0.019613,
					0.151078, 0.162790, 0.686132, 0.024136,
					0.161960, 0.681244, 0.156797, 0.024496,
					0.678965, 0.154283, 0.166751, 0.024861,
					0.497247, 0.252273, 0.250480, 0.025353,
					0.245793, 0.254798, 0.499409, 0.025489,
					0.275840, 0.148558, 0.575602, 0.026068,
					0.141286, 0.293024, 0.565690, 0.026173,
					0.575309, 0.280899, 0.143792, 0.026222,
					0.266045, 0.482099, 0.251856, 0.026373,
					0.289516, 0.564188, 0.146297, 0.026472,
					0.420272, 0.130770, 0.448958, 0.027120,
					0.551913, 0.147969, 0.300117, 0.027174,
					0.154754, 0.563868, 0.281377, 0.027355,
					0.138679, 0.436116, 0.425205, 0.027864,
					0.379755, 0.360326, 0.259919, 0.028887,
					0.432257, 0.422419, 0.145324, 0.029270,
					0.250088, 0.371900, 0.378012, 0.030452,
					0.373879, 0.241365, 0.384756, 0.031864;
					 break; 

		case 19 : eigenForm << 0.982361, 0.008941, 0.008698, 0.001087,
					0.010473, 0.979262, 0.010264, 0.001449,
					0.010901, 0.010548, 0.978551, 0.001542,
					0.933967, 0.002378, 0.063655, 0.001720,
					0.932807, 0.063043, 0.004151, 0.002095,
					0.064352, 0.930842, 0.004805, 0.002237,
					0.005413, 0.062908, 0.931679, 0.002353,
					0.005777, 0.931596, 0.062626, 0.002443,
					0.064446, 0.006195, 0.929359, 0.002596,
					0.940267, 0.028713, 0.031020, 0.003704,
					0.036400, 0.929384, 0.034215, 0.003988,
					0.036667, 0.037546, 0.925787, 0.004178,
					0.832813, 0.008690, 0.158497, 0.004808,
					0.008880, 0.154760, 0.836361, 0.004816,
					0.157972, 0.833103, 0.008926, 0.004929,
					0.009660, 0.837423, 0.152917, 0.005133,
					0.834567, 0.155936, 0.009497, 0.005159,
					0.155919, 0.009860, 0.834221, 0.005315,
					0.586974, 0.405587, 0.007439, 0.005344,
					0.007894, 0.596473, 0.395633, 0.005348,
					0.588793, 0.008075, 0.403132, 0.005451,
					0.407332, 0.007507, 0.585161, 0.005495,
					0.008834, 0.393676, 0.597490, 0.005671,
					0.406622, 0.584653, 0.008725, 0.006027,
					0.492707, 0.487080, 0.020213, 0.006981,
					0.011415, 0.268351, 0.720234, 0.007057,
					0.011364, 0.722396, 0.266240, 0.007097,
					0.717029, 0.271683, 0.011288, 0.007211,
					0.271772, 0.011258, 0.716970, 0.007235,
					0.714490, 0.011503, 0.274007, 0.007247,
					0.274596, 0.714053, 0.011351, 0.007269,
					0.016064, 0.490287, 0.493649, 0.007298,
					0.496600, 0.020142, 0.483257, 0.007366,
					0.870321, 0.036111, 0.093568, 0.008373,
					0.099462, 0.860800, 0.039738, 0.008448,
					0.040777, 0.100589, 0.858634, 0.008471,
					0.868575, 0.091874, 0.039551, 0.008654,
					0.042889, 0.860489, 0.096622, 0.008726,
					0.099827, 0.043984, 0.856189, 0.008861,
					0.053987, 0.201102, 0.744912, 0.014141,
					0.201314, 0.744999, 0.053687, 0.014250,
					0.750406, 0.053219, 0.196375, 0.014250,
					0.056395, 0.745398, 0.198207, 0.015032,
					0.748700, 0.195729, 0.055571, 0.015102,
					0.280743, 0.109253, 0.610004, 0.015199,
					0.202325, 0.056763, 0.740912, 0.015283,
					0.344103, 0.048384, 0.607514, 0.015303,
					0.779731, 0.108061, 0.112208, 0.015467,
					0.111564, 0.618561, 0.269875, 0.015489,
					0.116459, 0.772130, 0.111412, 0.015657,
					0.049490, 0.611573, 0.338937, 0.015679,
					0.612398, 0.338133, 0.049469, 0.015716,
					0.113046, 0.117308, 0.769645, 0.015759,
					0.620973, 0.267455, 0.111572, 0.016212,
					0.155135, 0.654210, 0.190655, 0.017376,
					0.610309, 0.053830, 0.335862, 0.017520,
					0.659933, 0.184884, 0.155183, 0.017536,
					0.054233, 0.337627, 0.608140, 0.017606,
					0.339027, 0.606710, 0.054263, 0.017631,
					0.469921, 0.461261, 0.068818, 0.018320,
					0.196429, 0.152547, 0.651024, 0.018387,
					0.463751, 0.070058, 0.466190, 0.018584,
					0.066097, 0.470420, 0.463483, 0.018669,
					0.640204, 0.121646, 0.238149, 0.020199,
					0.239020, 0.637140, 0.123840, 0.020679,
					0.124988, 0.237990, 0.637022, 0.021098,
					0.362188, 0.148393, 0.489419, 0.024773,
					0.494905, 0.359807, 0.145288, 0.025021,
					0.144834, 0.494144, 0.361022, 0.025290,
					0.504586, 0.144063, 0.351351, 0.026002,
					0.354474, 0.501976, 0.143549, 0.026077,
					0.142808, 0.355542, 0.501649, 0.026245,
					0.515051, 0.244344, 0.240605, 0.029958,
					0.245392, 0.243706, 0.510902, 0.029980,
					0.242506, 0.512220, 0.245274, 0.029996,
					0.377364, 0.252604, 0.370032, 0.031707,
					0.373470, 0.375990, 0.250541, 0.031766,
					0.251717, 0.372908, 0.375375, 0.031860;
					 break; 

		case 20 : eigenForm << 0.982361, 0.008941, 0.008698, 0.001087,
					0.010473, 0.979262, 0.010264, 0.001449,
					0.010901, 0.010548, 0.978551, 0.001542,
					0.933967, 0.002378, 0.063655, 0.001720,
					0.932807, 0.063043, 0.004151, 0.002095,
					0.064352, 0.930842, 0.004805, 0.002237,
					0.005413, 0.062908, 0.931679, 0.002353,
					0.005777, 0.931596, 0.062626, 0.002443,
					0.064446, 0.006195, 0.929359, 0.002596,
					0.940267, 0.028713, 0.031020, 0.003704,
					0.036400, 0.929384, 0.034215, 0.003988,
					0.036667, 0.037546, 0.925787, 0.004178,
					0.832813, 0.008690, 0.158497, 0.004808,
					0.008880, 0.154760, 0.836361, 0.004816,
					0.157972, 0.833103, 0.008926, 0.004929,
					0.009660, 0.837423, 0.152917, 0.005133,
					0.834567, 0.155936, 0.009497, 0.005159,
					0.155919, 0.009860, 0.834221, 0.005315,
					0.586974, 0.405587, 0.007439, 0.005344,
					0.007894, 0.596473, 0.395633, 0.005348,
					0.588793, 0.008075, 0.403132, 0.005451,
					0.407332, 0.007507, 0.585161, 0.005495,
					0.008834, 0.393676, 0.597490, 0.005671,
					0.406622, 0.584653, 0.008725, 0.006027,
					0.492707, 0.487080, 0.020213, 0.006981,
					0.011415, 0.268351, 0.720234, 0.007057,
					0.011364, 0.722396, 0.266240, 0.007097,
					0.717029, 0.271683, 0.011288, 0.007211,
					0.271772, 0.011258, 0.716970, 0.007235,
					0.714490, 0.011503, 0.274007, 0.007247,
					0.274596, 0.714053, 0.011351, 0.007269,
					0.016064, 0.490287, 0.493649, 0.007298,
					0.496600, 0.020142, 0.483257, 0.007366,
					0.870321, 0.036111, 0.093568, 0.008373,
					0.099462, 0.860800, 0.039738, 0.008448,
					0.040777, 0.100589, 0.858634, 0.008471,
					0.868575, 0.091874, 0.039551, 0.008654,
					0.042889, 0.860489, 0.096622, 0.008726,
					0.099827, 0.043984, 0.856189, 0.008861,
					0.053987, 0.201102, 0.744912, 0.014141,
					0.201314, 0.744999, 0.053687, 0.014250,
					0.750406, 0.053219, 0.196375, 0.014250,
					0.056395, 0.745398, 0.198207, 0.015032,
					0.748700, 0.195729, 0.055571, 0.015102,
					0.280743, 0.109253, 0.610004, 0.015199,
					0.202325, 0.056763, 0.740912, 0.015283,
					0.344103, 0.048384, 0.607514, 0.015303,
					0.779731, 0.108061, 0.112208, 0.015467,
					0.111564, 0.618561, 0.269875, 0.015489,
					0.116459, 0.772130, 0.111412, 0.015657,
					0.049490, 0.611573, 0.338937, 0.015679,
					0.612398, 0.338133, 0.049469, 0.015716,
					0.113046, 0.117308, 0.769645, 0.015759,
					0.620973, 0.267455, 0.111572, 0.016212,
					0.155135, 0.654210, 0.190655, 0.017376,
					0.610309, 0.053830, 0.335862, 0.017520,
					0.659933, 0.184884, 0.155183, 0.017536,
					0.054233, 0.337627, 0.608140, 0.017606,
					0.339027, 0.606710, 0.054263, 0.017631,
					0.469921, 0.461261, 0.068818, 0.018320,
					0.196429, 0.152547, 0.651024, 0.018387,
					0.463751, 0.070058, 0.466190, 0.018584,
					0.066097, 0.470420, 0.463483, 0.018669,
					0.640204, 0.121646, 0.238149, 0.020199,
					0.239020, 0.637140, 0.123840, 0.020679,
					0.124988, 0.237990, 0.637022, 0.021098,
					0.362188, 0.148393, 0.489419, 0.024773,
					0.494905, 0.359807, 0.145288, 0.025021,
					0.144834, 0.494144, 0.361022, 0.025290,
					0.504586, 0.144063, 0.351351, 0.026002,
					0.354474, 0.501976, 0.143549, 0.026077,
					0.142808, 0.355542, 0.501649, 0.026245,
					0.515051, 0.244344, 0.240605, 0.029958,
					0.245392, 0.243706, 0.510902, 0.029980,
					0.242506, 0.512220, 0.245274, 0.029996,
					0.377364, 0.252604, 0.370032, 0.031707,
					0.373470, 0.375990, 0.250541, 0.031766,
					0.251717, 0.372908, 0.375375, 0.031860;
					 break; 

		case 21 : eigenForm << 0.992895, 0.003552, 0.003552, 0.000335,
					0.003552, 0.003552, 0.992895, 0.000335,
					0.003552, 0.992895, 0.003552, 0.000335,
					0.035855, 0.955355, 0.008790, 0.002274,
					0.955355, 0.035855, 0.008790, 0.002274,
					0.008790, 0.955355, 0.035855, 0.002274,
					0.955355, 0.008790, 0.035855, 0.002274,
					0.035855, 0.008790, 0.955355, 0.002274,
					0.008790, 0.035855, 0.955355, 0.002274,
					0.005241, 0.886526, 0.108233, 0.002604,
					0.108233, 0.886526, 0.005241, 0.002604,
					0.886526, 0.005241, 0.108233, 0.002604,
					0.108233, 0.005241, 0.886526, 0.002604,
					0.005241, 0.108233, 0.886526, 0.002604,
					0.886526, 0.108233, 0.005241, 0.002604,
					0.046640, 0.046640, 0.906721, 0.003272,
					0.906721, 0.046640, 0.046640, 0.003272,
					0.046640, 0.906721, 0.046640, 0.003272,
					0.784152, 0.207572, 0.008276, 0.004637,
					0.008276, 0.207572, 0.784152, 0.004637,
					0.008276, 0.784152, 0.207572, 0.004637,
					0.207572, 0.008276, 0.784152, 0.004637,
					0.784152, 0.008276, 0.207572, 0.004637,
					0.207572, 0.784152, 0.008276, 0.004637,
					0.882704, 0.085812, 0.031484, 0.004797,
					0.085812, 0.882704, 0.031484, 0.004797,
					0.882704, 0.031484, 0.085812, 0.004797,
					0.031484, 0.085812, 0.882704, 0.004797,
					0.031484, 0.882704, 0.085812, 0.004797,
					0.085812, 0.031484, 0.882704, 0.004797,
					0.321607, 0.668878, 0.009515, 0.005712,
					0.668878, 0.009515, 0.321607, 0.005712,
					0.321607, 0.009515, 0.668878, 0.005712,
					0.009515, 0.668878, 0.321607, 0.005712,
					0.009515, 0.321607, 0.668878, 0.005712,
					0.668878, 0.321607, 0.009515, 0.005712,
					0.552014, 0.438000, 0.009986, 0.005861,
					0.438000, 0.009986, 0.552014, 0.005861,
					0.009986, 0.438000, 0.552014, 0.005861,
					0.552014, 0.009986, 0.438000, 0.005861,
					0.009986, 0.552014, 0.438000, 0.005861,
					0.438000, 0.552014, 0.009986, 0.005861,
					0.161997, 0.797493, 0.040509, 0.009410,
					0.797493, 0.040509, 0.161997, 0.009410,
					0.161997, 0.040509, 0.797493, 0.009410,
					0.040509, 0.161997, 0.797493, 0.009410,
					0.040509, 0.797493, 0.161997, 0.009410,
					0.797493, 0.161997, 0.040509, 0.009410,
					0.227157, 0.386422, 0.386422, 0.011763,
					0.386422, 0.386422, 0.227157, 0.011763,
					0.386422, 0.227157, 0.386422, 0.011763,
					0.095494, 0.809013, 0.095494, 0.011779,
					0.095494, 0.095494, 0.809013, 0.011779,
					0.809013, 0.095494, 0.095494, 0.011779,
					0.677473, 0.274543, 0.047984, 0.013412,
					0.274543, 0.047984, 0.677473, 0.013412,
					0.274543, 0.677473, 0.047984, 0.013412,
					0.047984, 0.677473, 0.274543, 0.013412,
					0.047984, 0.274543, 0.677473, 0.013412,
					0.677473, 0.047984, 0.274543, 0.013412,
					0.051668, 0.405347, 0.542985, 0.015714,
					0.542985, 0.051668, 0.405347, 0.015714,
					0.542985, 0.405347, 0.051668, 0.015714,
					0.405347, 0.542985, 0.051668, 0.015714,
					0.405347, 0.051668, 0.542985, 0.015714,
					0.051668, 0.542985, 0.405347, 0.015714,
					0.705411, 0.187774, 0.106815, 0.016860,
					0.106815, 0.705411, 0.187774, 0.016860,
					0.187774, 0.705411, 0.106815, 0.016860,
					0.187774, 0.106815, 0.705411, 0.016860,
					0.106815, 0.187774, 0.705411, 0.016860,
					0.705411, 0.106815, 0.187774, 0.016860,
					0.574782, 0.119506, 0.305712, 0.021387,
					0.305712, 0.119506, 0.574782, 0.021387,
					0.305712, 0.574782, 0.119506, 0.021387,
					0.119506, 0.574782, 0.305712, 0.021387,
					0.119506, 0.305712, 0.574782, 0.021387,
					0.574782, 0.305712, 0.119506, 0.021387,
					0.200938, 0.598125, 0.200938, 0.022057,
					0.200938, 0.200938, 0.598125, 0.022057,
					0.598125, 0.200938, 0.200938, 0.022057,
					0.471786, 0.216078, 0.312136, 0.023073,
					0.471786, 0.312136, 0.216078, 0.023073,
					0.312136, 0.216078, 0.471786, 0.023073,
					0.216078, 0.312136, 0.471786, 0.023073,
					0.216078, 0.471786, 0.312136, 0.023073,
					0.312136, 0.471786, 0.216078, 0.023073,
					0.124684, 0.437658, 0.437658, 0.023458,
					0.437658, 0.437658, 0.124684, 0.023458,
					0.437658, 0.124684, 0.437658, 0.023458,
					0.333333, 0.333333, 0.333333, 0.027560;
					 break; 

		case 22 : eigenForm << 0.000851, 0.008781, 0.990368, 0.000322,
					0.000852, 0.990368, 0.008781, 0.000322,
					0.963706, 0.002703, 0.033591, 0.000507,
					0.963706, 0.033591, 0.002703, 0.000507,
					0.981665, 0.009168, 0.009168, 0.000984,
					0.023969, 0.967557, 0.008474, 0.001673,
					0.023969, 0.008474, 0.967557, 0.001673,
					0.924443, 0.007878, 0.067678, 0.002144,
					0.924443, 0.067679, 0.007878, 0.002144,
					0.008676, 0.947027, 0.044297, 0.002150,
					0.008676, 0.044297, 0.947027, 0.002150,
					0.077402, 0.914424, 0.008174, 0.002847,
					0.077402, 0.008174, 0.914424, 0.002847,
					0.366932, 0.249745, 0.383323, 0.003082,
					0.366932, 0.383323, 0.249745, 0.003082,
					0.008782, 0.887685, 0.103533, 0.003101,
					0.008782, 0.103533, 0.887685, 0.003101,
					0.851955, 0.007726, 0.140319, 0.003482,
					0.851955, 0.140319, 0.007726, 0.003482,
					0.008577, 0.810459, 0.180964, 0.003753,
					0.008577, 0.180964, 0.810459, 0.003753,
					0.158622, 0.833077, 0.008301, 0.003954,
					0.158622, 0.008301, 0.833077, 0.003954,
					0.930319, 0.034841, 0.034841, 0.004018,
					0.008573, 0.274029, 0.717398, 0.004398,
					0.008573, 0.717398, 0.274029, 0.004398,
					0.752316, 0.239498, 0.008186, 0.004565,
					0.752317, 0.008186, 0.239498, 0.004565,
					0.508742, 0.006884, 0.484374, 0.004641,
					0.508742, 0.484374, 0.006884, 0.004641,
					0.007846, 0.496077, 0.496077, 0.004725,
					0.008274, 0.611294, 0.380432, 0.004731,
					0.008274, 0.380432, 0.611294, 0.004731,
					0.261212, 0.730389, 0.008399, 0.004778,
					0.261212, 0.008399, 0.730389, 0.004778,
					0.379600, 0.612853, 0.007548, 0.004807,
					0.379600, 0.007548, 0.612853, 0.004807,
					0.636070, 0.007953, 0.355977, 0.005000,
					0.636070, 0.355977, 0.007953, 0.005000,
					0.045253, 0.911024, 0.043723, 0.005015,
					0.045253, 0.043723, 0.911024, 0.005015,
					0.864449, 0.038848, 0.096703, 0.006247,
					0.864449, 0.096703, 0.038848, 0.006247,
					0.825355, 0.087323, 0.087323, 0.007010,
					0.109294, 0.042145, 0.848562, 0.007167,
					0.109294, 0.848562, 0.042145, 0.007167,
					0.045464, 0.847792, 0.106744, 0.007680,
					0.045464, 0.106744, 0.847792, 0.007680,
					0.774969, 0.183397, 0.041634, 0.009226,
					0.774969, 0.041634, 0.183397, 0.009226,
					0.044677, 0.761163, 0.194160, 0.009792,
					0.044677, 0.194160, 0.761163, 0.009792,
					0.198079, 0.757938, 0.043983, 0.009882,
					0.198080, 0.043983, 0.757938, 0.009882,
					0.426705, 0.036976, 0.536319, 0.009940,
					0.426705, 0.536319, 0.036976, 0.009940,
					0.108648, 0.100126, 0.791227, 0.010359,
					0.108648, 0.791227, 0.100126, 0.010359,
					0.546272, 0.037987, 0.415741, 0.010447,
					0.546272, 0.415741, 0.037987, 0.010447,
					0.307275, 0.650711, 0.042014, 0.010743,
					0.307275, 0.042014, 0.650711, 0.010743,
					0.665383, 0.042555, 0.292063, 0.011111,
					0.665382, 0.292063, 0.042555, 0.011111,
					0.041724, 0.538973, 0.419303, 0.011167,
					0.041724, 0.419303, 0.538973, 0.011167,
					0.044318, 0.654947, 0.300735, 0.011238,
					0.044318, 0.300735, 0.654947, 0.011238,
					0.279362, 0.375240, 0.345398, 0.011485,
					0.279362, 0.345398, 0.375240, 0.011485,
					0.740716, 0.099453, 0.159831, 0.011640,
					0.740716, 0.159831, 0.099453, 0.011640,
					0.107809, 0.179733, 0.712459, 0.013474,
					0.107809, 0.712458, 0.179733, 0.013474,
					0.193223, 0.106607, 0.700170, 0.014022,
					0.193223, 0.700170, 0.106607, 0.014022,
					0.294105, 0.099330, 0.606565, 0.014376,
					0.294105, 0.606565, 0.099330, 0.014376,
					0.644339, 0.102322, 0.253338, 0.014949,
					0.644339, 0.253338, 0.102322, 0.014949,
					0.106427, 0.616623, 0.276950, 0.015450,
					0.106427, 0.276950, 0.616623, 0.015450,
					0.411429, 0.090418, 0.498152, 0.015702,
					0.411429, 0.498152, 0.090419, 0.015702,
					0.533335, 0.092823, 0.373842, 0.015960,
					0.533335, 0.373842, 0.092823, 0.015960,
					0.495664, 0.252168, 0.252168, 0.016071,
					0.100692, 0.508750, 0.390558, 0.016520,
					0.100692, 0.390558, 0.508750, 0.016520,
					0.302712, 0.170614, 0.526674, 0.017808,
					0.302712, 0.526674, 0.170614, 0.017808,
					0.392436, 0.348758, 0.258806, 0.018287,
					0.392436, 0.258805, 0.348758, 0.018287,
					0.528986, 0.169661, 0.301352, 0.018299,
					0.528986, 0.301352, 0.169662, 0.018299,
					0.283506, 0.258020, 0.458474, 0.018497,
